         360           1
     1.445508261312194e+00                         0                         0
     1.444824501750352e+00    -1.395139015697356e-02     1.000000000000000e+00
     1.442779452622517e+00    -2.779999504592850e-02     2.000000000000000e+00
     1.439391673636685e+00    -4.144432774545797e-02     3.000000000000000e+00
     1.434691677123936e+00    -5.478546362123729e-02     4.000000000000000e+00
     1.428721328729981e+00    -6.772823688078165e-02     5.000000000000000e+00
     1.421533066762290e+00    -8.018233968740292e-02     6.000000000000000e+00
     1.413188988698592e+00    -9.206329829198784e-02     7.000000000000000e+00
     1.403759854908772e+00    -1.032933067667217e-01     8.000000000000000e+00
     1.393324054768222e+00    -1.138019065147900e-01     9.000000000000000e+00
     1.381966570160554e+00    -1.235265083837703e-01     1.000000000000000e+01
     1.369777957814147e+00    -1.324127632372820e-01     1.100000000000000e+01
     1.356853357417589e+00    -1.404147952893774e-01     1.200000000000000e+01
     1.343291519531792e+00    -1.474953192736706e-01     1.300000000000000e+01
     1.329193838155999e+00    -1.536256665118028e-01     1.400000000000000e+01
     1.314663368925387e+00    -1.587857452905980e-01     1.500000000000000e+01
     1.299803815912287e+00    -1.629639572082879e-01     1.600000000000000e+01
     1.284718477456193e+00    -1.661570834538043e-01     1.700000000000000e+01
     1.269509153018030e+00    -1.683701441610076e-01     1.800000000000000e+01
     1.254275026705613e+00    -1.696162215007872e-01     1.900000000000000e+01
     1.239111556464833e+00    -1.699162250048841e-01     2.000000000000000e+01
     1.224109408637083e+00    -1.692985679600956e-01     2.100000000000000e+01
     1.209353483742273e+00    -1.677987186736976e-01     2.200000000000000e+01
     1.194922079790608e+00    -1.654585916284970e-01     2.300000000000000e+01
     1.180886233905831e+00    -1.623257518603080e-01     2.400000000000000e+01
     1.167309272251818e+00    -1.584524211101468e-01     2.500000000000000e+01
     1.154246583700775e+00    -1.538942951114051e-01     2.600000000000000e+01
     1.141745616424017e+00    -1.487092054094466e-01     2.700000000000000e+01
     1.129846080890982e+00    -1.429556832350085e-01     2.800000000000000e+01
     1.118580329729165e+00    -1.366915036468901e-01     2.900000000000000e+01
     1.107973876129959e+00    -1.299723020382615e-01     3.000000000000000e+01
     1.098046008847557e+00    -1.228503594378301e-01     3.100000000000000e+01
     1.088810463347637e+00    -1.153736462316230e-01     3.200000000000000e+01
     1.080276114525813e+00    -1.075851958385370e-01     3.300000000000000e+01
     1.072447665200628e+00    -9.952285193467125e-02     3.400000000000000e+01
     1.065326314494657e+00    -9.121939796488761e-02     3.500000000000000e+01
     1.058910399413913e+00    -8.270303998755077e-02     3.600000000000000e+01
     1.053196009864628e+00    -7.399817808690660e-02     3.700000000000000e+01
     1.048177580991211e+00    -6.512637236609167e-02     3.800000000000000e+01
     1.043848466755243e+00    -5.610739093185638e-02     3.900000000000000e+01
     1.040201495494466e+00    -4.696022204841153e-02     4.000000000000000e+01
     1.037229502804436e+00    -3.770394180214257e-02     4.100000000000000e+01
     1.034925830872807e+00    -2.835835128820295e-02     4.200000000000000e+01
     1.033284777883488e+00    -1.894433075598266e-02     4.300000000000000e+01
     1.032301977636160e+00    -9.483898066627498e-03     4.399999999999999e+01
     1.031974689008129e+00    -1.664333106635341e-17     4.500000000000000e+01
     1.032301977636160e+00     9.483898066627404e-03     4.600000000000000e+01
     1.033284777883488e+00     1.894433075598264e-02     4.700000000000000e+01
     1.034925830872807e+00     2.835835128820291e-02     4.800000000000000e+01
     1.037229502804436e+00     3.770394180214247e-02     4.900000000000000e+01
     1.040201495494466e+00     4.696022204841150e-02     5.000000000000000e+01
     1.043848466755243e+00     5.610739093185630e-02     5.100000000000000e+01
     1.048177580991211e+00     6.512637236609163e-02     5.200000000000001e+01
     1.053196009864628e+00     7.399817808690659e-02     5.300000000000000e+01
     1.058910399413913e+00     8.270303998755076e-02     5.400000000000000e+01
     1.065326314494657e+00     9.121939796488758e-02     5.500000000000000e+01
     1.072447665200628e+00     9.952285193467131e-02     5.600000000000000e+01
     1.080276114525813e+00     1.075851958385369e-01     5.700000000000000e+01
     1.088810463347637e+00     1.153736462316231e-01     5.800000000000000e+01
     1.098046008847557e+00     1.228503594378300e-01     5.900000000000000e+01
     1.107973876129959e+00     1.299723020382615e-01     5.999999999999999e+01
     1.118580329729165e+00     1.366915036468901e-01     6.100000000000000e+01
     1.129846080890982e+00     1.429556832350085e-01     6.200000000000000e+01
     1.141745616424017e+00     1.487092054094466e-01     6.300000000000000e+01
     1.154246583700775e+00     1.538942951114051e-01     6.400000000000000e+01
     1.167309272251818e+00     1.584524211101468e-01     6.500000000000000e+01
     1.180886233905831e+00     1.623257518603080e-01     6.600000000000000e+01
     1.194922079790608e+00     1.654585916284970e-01     6.699999999999999e+01
     1.209353483742273e+00     1.677987186736976e-01     6.800000000000000e+01
     1.224109408637083e+00     1.692985679600956e-01     6.899999999999999e+01
     1.239111556464833e+00     1.699162250048841e-01     7.000000000000000e+01
     1.254275026705613e+00     1.696162215007872e-01     7.100000000000000e+01
     1.269509153018029e+00     1.683701441610077e-01     7.200000000000000e+01
     1.284718477456193e+00     1.661570834538043e-01     7.300000000000000e+01
     1.299803815912287e+00     1.629639572082879e-01     7.400000000000000e+01
     1.314663368925387e+00     1.587857452905980e-01     7.500000000000001e+01
     1.329193838155999e+00     1.536256665118028e-01     7.600000000000000e+01
     1.343291519531792e+00     1.474953192736706e-01     7.700000000000001e+01
     1.356853357417589e+00     1.404147952893774e-01     7.800000000000000e+01
     1.369777957814147e+00     1.324127632372821e-01     7.900000000000000e+01
     1.381966570160554e+00     1.235265083837704e-01     8.000000000000000e+01
     1.393324054768222e+00     1.138019065147901e-01     8.100000000000000e+01
     1.403759854908772e+00     1.032933067667218e-01     8.200000000000000e+01
     1.413188988698592e+00     9.206329829198785e-02     8.300000000000001e+01
     1.421533066762290e+00     8.018233968740292e-02     8.400000000000000e+01
     1.428721328729981e+00     6.772823688078163e-02     8.500000000000000e+01
     1.434691677123936e+00     5.478546362123741e-02     8.600000000000000e+01
     1.439391673636685e+00     4.144432774545809e-02     8.700000000000000e+01
     1.442779452622517e+00     2.779999504592858e-02     8.799999999999999e+01
     1.444824501750352e+00     1.395139015697345e-02     8.900000000000000e+01
     1.445508261312194e+00     4.900667842184087e-17     9.000000000000000e+01
     1.444824501750352e+00    -1.395139015697353e-02     9.100000000000000e+01
     1.442779452622517e+00    -2.779999504592831e-02     9.200000000000000e+01
     1.439391673636685e+00    -4.144432774545782e-02     9.299999999999999e+01
     1.434691677123936e+00    -5.478546362123732e-02     9.400000000000000e+01
     1.428721328729981e+00    -6.772823688078169e-02     9.500000000000000e+01
     1.421533066762290e+00    -8.018233968740282e-02     9.600000000000000e+01
     1.413188988698592e+00    -9.206329829198777e-02     9.700000000000000e+01
     1.403759854908772e+00    -1.032933067667216e-01     9.800000000000000e+01
     1.393324054768222e+00    -1.138019065147901e-01     9.900000000000001e+01
     1.381966570160554e+00    -1.235265083837703e-01     1.000000000000000e+02
     1.369777957814147e+00    -1.324127632372820e-01     1.010000000000000e+02
     1.356853357417589e+00    -1.404147952893773e-01     1.020000000000000e+02
     1.343291519531792e+00    -1.474953192736705e-01     1.030000000000000e+02
     1.329193838155999e+00    -1.536256665118028e-01     1.040000000000000e+02
     1.314663368925387e+00    -1.587857452905980e-01     1.050000000000000e+02
     1.299803815912287e+00    -1.629639572082879e-01     1.060000000000000e+02
     1.284718477456194e+00    -1.661570834538043e-01     1.070000000000000e+02
     1.269509153018030e+00    -1.683701441610076e-01     1.080000000000000e+02
     1.254275026705613e+00    -1.696162215007872e-01     1.090000000000000e+02
     1.239111556464833e+00    -1.699162250048841e-01     1.100000000000000e+02
     1.224109408637083e+00    -1.692985679600956e-01     1.110000000000000e+02
     1.209353483742273e+00    -1.677987186736976e-01     1.120000000000000e+02
     1.194922079790608e+00    -1.654585916284971e-01     1.130000000000000e+02
     1.180886233905831e+00    -1.623257518603080e-01     1.140000000000000e+02
     1.167309272251818e+00    -1.584524211101468e-01     1.150000000000000e+02
     1.154246583700775e+00    -1.538942951114051e-01     1.160000000000000e+02
     1.141745616424017e+00    -1.487092054094466e-01     1.170000000000000e+02
     1.129846080890982e+00    -1.429556832350086e-01     1.180000000000000e+02
     1.118580329729165e+00    -1.366915036468901e-01     1.190000000000000e+02
     1.107973876129959e+00    -1.299723020382616e-01     1.200000000000000e+02
     1.098046008847557e+00    -1.228503594378300e-01     1.210000000000000e+02
     1.088810463347637e+00    -1.153736462316231e-01     1.220000000000000e+02
     1.080276114525813e+00    -1.075851958385369e-01     1.230000000000000e+02
     1.072447665200628e+00    -9.952285193467135e-02     1.240000000000000e+02
     1.065326314494657e+00    -9.121939796488776e-02     1.250000000000000e+02
     1.058910399413913e+00    -8.270303998755080e-02     1.260000000000000e+02
     1.053196009864628e+00    -7.399817808690655e-02     1.270000000000000e+02
     1.048177580991211e+00    -6.512637236609166e-02     1.280000000000000e+02
     1.043848466755243e+00    -5.610739093185646e-02     1.290000000000000e+02
     1.040201495494466e+00    -4.696022204841150e-02     1.300000000000000e+02
     1.037229502804436e+00    -3.770394180214236e-02     1.310000000000000e+02
     1.034925830872807e+00    -2.835835128820293e-02     1.320000000000000e+02
     1.033284777883488e+00    -1.894433075598270e-02     1.330000000000000e+02
     1.032301977636160e+00    -9.483898066627649e-03     1.340000000000000e+02
     1.031974689008129e+00    -5.032327897028080e-17     1.350000000000000e+02
     1.032301977636160e+00     9.483898066627552e-03     1.360000000000000e+02
     1.033284777883488e+00     1.894433075598261e-02     1.370000000000000e+02
     1.034925830872807e+00     2.835835128820282e-02     1.380000000000000e+02
     1.037229502804436e+00     3.770394180214250e-02     1.390000000000000e+02
     1.040201495494466e+00     4.696022204841140e-02     1.400000000000000e+02
     1.043848466755243e+00     5.610739093185614e-02     1.410000000000000e+02
     1.048177580991211e+00     6.512637236609156e-02     1.420000000000000e+02
     1.053196009864629e+00     7.399817808690667e-02     1.430000000000000e+02
     1.058910399413913e+00     8.270303998755071e-02     1.440000000000000e+02
     1.065326314494657e+00     9.121939796488747e-02     1.450000000000000e+02
     1.072447665200628e+00     9.952285193467125e-02     1.460000000000000e+02
     1.080276114525813e+00     1.075851958385371e-01     1.470000000000000e+02
     1.088810463347637e+00     1.153736462316230e-01     1.480000000000000e+02
     1.098046008847557e+00     1.228503594378300e-01     1.490000000000000e+02
     1.107973876129959e+00     1.299723020382615e-01     1.500000000000000e+02
     1.118580329729165e+00     1.366915036468901e-01     1.510000000000000e+02
     1.129846080890982e+00     1.429556832350084e-01     1.520000000000000e+02
     1.141745616424017e+00     1.487092054094466e-01     1.530000000000000e+02
     1.154246583700775e+00     1.538942951114052e-01     1.540000000000000e+02
     1.167309272251818e+00     1.584524211101468e-01     1.550000000000000e+02
     1.180886233905830e+00     1.623257518603079e-01     1.560000000000000e+02
     1.194922079790608e+00     1.654585916284970e-01     1.570000000000000e+02
     1.209353483742273e+00     1.677987186736976e-01     1.580000000000000e+02
     1.224109408637083e+00     1.692985679600956e-01     1.590000000000000e+02
     1.239111556464832e+00     1.699162250048841e-01     1.600000000000000e+02
     1.254275026705612e+00     1.696162215007872e-01     1.610000000000000e+02
     1.269509153018029e+00     1.683701441610077e-01     1.620000000000000e+02
     1.284718477456193e+00     1.661570834538043e-01     1.630000000000000e+02
     1.299803815912286e+00     1.629639572082880e-01     1.640000000000000e+02
     1.314663368925387e+00     1.587857452905981e-01     1.650000000000000e+02
     1.329193838155999e+00     1.536256665118028e-01     1.660000000000000e+02
     1.343291519531792e+00     1.474953192736705e-01     1.670000000000000e+02
     1.356853357417589e+00     1.404147952893774e-01     1.680000000000000e+02
     1.369777957814147e+00     1.324127632372821e-01     1.690000000000000e+02
     1.381966570160554e+00     1.235265083837703e-01     1.700000000000000e+02
     1.393324054768222e+00     1.138019065147901e-01     1.710000000000000e+02
     1.403759854908771e+00     1.032933067667219e-01     1.720000000000000e+02
     1.413188988698592e+00     9.206329829198788e-02     1.730000000000000e+02
     1.421533066762290e+00     8.018233968740311e-02     1.740000000000000e+02
     1.428721328729981e+00     6.772823688078200e-02     1.750000000000000e+02
     1.434691677123936e+00     5.478546362123746e-02     1.760000000000000e+02
     1.439391673636685e+00     4.144432774545796e-02     1.770000000000000e+02
     1.442779452622517e+00     2.779999504592828e-02     1.780000000000000e+02
     1.444824501750352e+00     1.395139015697350e-02     1.790000000000000e+02
     1.445508261312194e+00     9.801335684368174e-17     1.800000000000000e+02
     1.444824501750352e+00    -1.395139015697330e-02     1.810000000000000e+02
     1.442779452622517e+00    -2.779999504592844e-02     1.820000000000000e+02
     1.439391673636685e+00    -4.144432774545777e-02     1.830000000000000e+02
     1.434691677123936e+00    -5.478546362123694e-02     1.840000000000000e+02
     1.428721328729982e+00    -6.772823688078149e-02     1.850000000000000e+02
     1.421533066762290e+00    -8.018233968740264e-02     1.860000000000000e+02
     1.413188988698592e+00    -9.206329829198802e-02     1.870000000000000e+02
     1.403759854908771e+00    -1.032933067667217e-01     1.880000000000000e+02
     1.393324054768222e+00    -1.138019065147899e-01     1.890000000000000e+02
     1.381966570160554e+00    -1.235265083837704e-01     1.900000000000000e+02
     1.369777957814147e+00    -1.324127632372820e-01     1.910000000000000e+02
     1.356853357417589e+00    -1.404147952893773e-01     1.920000000000000e+02
     1.343291519531792e+00    -1.474953192736706e-01     1.930000000000000e+02
     1.329193838155999e+00    -1.536256665118026e-01     1.940000000000000e+02
     1.314663368925388e+00    -1.587857452905979e-01     1.950000000000000e+02
     1.299803815912287e+00    -1.629639572082879e-01     1.960000000000000e+02
     1.284718477456194e+00    -1.661570834538042e-01     1.970000000000000e+02
     1.269509153018029e+00    -1.683701441610077e-01     1.980000000000000e+02
     1.254275026705612e+00    -1.696162215007872e-01     1.990000000000000e+02
     1.239111556464833e+00    -1.699162250048841e-01     2.000000000000000e+02
     1.224109408637083e+00    -1.692985679600956e-01     2.010000000000000e+02
     1.209353483742273e+00    -1.677987186736976e-01     2.020000000000000e+02
     1.194922079790608e+00    -1.654585916284971e-01     2.030000000000000e+02
     1.180886233905831e+00    -1.623257518603080e-01     2.040000000000000e+02
     1.167309272251818e+00    -1.584524211101468e-01     2.050000000000000e+02
     1.154246583700775e+00    -1.538942951114052e-01     2.060000000000000e+02
     1.141745616424018e+00    -1.487092054094468e-01     2.070000000000000e+02
     1.129846080890982e+00    -1.429556832350085e-01     2.080000000000000e+02
     1.118580329729165e+00    -1.366915036468902e-01     2.090000000000000e+02
     1.107973876129959e+00    -1.299723020382614e-01     2.100000000000000e+02
     1.098046008847557e+00    -1.228503594378301e-01     2.110000000000000e+02
     1.088810463347637e+00    -1.153736462316232e-01     2.120000000000000e+02
     1.080276114525813e+00    -1.075851958385370e-01     2.130000000000000e+02
     1.072447665200628e+00    -9.952285193467135e-02     2.140000000000000e+02
     1.065326314494657e+00    -9.121939796488779e-02     2.150000000000000e+02
     1.058910399413913e+00    -8.270303998755082e-02     2.160000000000000e+02
     1.053196009864629e+00    -7.399817808690680e-02     2.170000000000000e+02
     1.048177580991211e+00    -6.512637236609191e-02     2.180000000000000e+02
     1.043848466755243e+00    -5.610739093185627e-02     2.190000000000000e+02
     1.040201495494466e+00    -4.696022204841153e-02     2.200000000000000e+02
     1.037229502804436e+00    -3.770394180214238e-02     2.210000000000000e+02
     1.034925830872807e+00    -2.835835128820295e-02     2.220000000000000e+02
     1.033284777883488e+00    -1.894433075598273e-02     2.230000000000000e+02
     1.032301977636160e+00    -9.483898066627442e-03     2.240000000000000e+02
     1.031974689008129e+00    -8.365498001815500e-17     2.250000000000000e+02
     1.032301977636159e+00     9.483898066627276e-03     2.260000000000000e+02
     1.033284777883488e+00     1.894433075598233e-02     2.270000000000000e+02
     1.034925830872807e+00     2.835835128820278e-02     2.280000000000000e+02
     1.037229502804436e+00     3.770394180214223e-02     2.290000000000000e+02
     1.040201495494466e+00     4.696022204841137e-02     2.300000000000000e+02
     1.043848466755243e+00     5.610739093185658e-02     2.310000000000001e+02
     1.048177580991211e+00     6.512637236609177e-02     2.320000000000000e+02
     1.053196009864629e+00     7.399817808690665e-02     2.330000000000000e+02
     1.058910399413913e+00     8.270303998755067e-02     2.340000000000000e+02
     1.065326314494657e+00     9.121939796488743e-02     2.350000000000000e+02
     1.072447665200628e+00     9.952285193467103e-02     2.360000000000000e+02
     1.080276114525813e+00     1.075851958385370e-01     2.370000000000000e+02
     1.088810463347637e+00     1.153736462316230e-01     2.380000000000000e+02
     1.098046008847557e+00     1.228503594378299e-01     2.390000000000000e+02
     1.107973876129959e+00     1.299723020382613e-01     2.400000000000000e+02
     1.118580329729166e+00     1.366915036468902e-01     2.410000000000000e+02
     1.129846080890982e+00     1.429556832350085e-01     2.420000000000000e+02
     1.141745616424017e+00     1.487092054094465e-01     2.430000000000000e+02
     1.154246583700774e+00     1.538942951114050e-01     2.440000000000000e+02
     1.167309272251817e+00     1.584524211101467e-01     2.450000000000000e+02
     1.180886233905831e+00     1.623257518603080e-01     2.460000000000000e+02
     1.194922079790608e+00     1.654585916284970e-01     2.470000000000000e+02
     1.209353483742273e+00     1.677987186736976e-01     2.480000000000000e+02
     1.224109408637083e+00     1.692985679600955e-01     2.490000000000000e+02
     1.239111556464832e+00     1.699162250048841e-01     2.500000000000000e+02
     1.254275026705613e+00     1.696162215007872e-01     2.510000000000000e+02
     1.269509153018029e+00     1.683701441610076e-01     2.520000000000000e+02
     1.284718477456193e+00     1.661570834538043e-01     2.530000000000000e+02
     1.299803815912287e+00     1.629639572082879e-01     2.540000000000001e+02
     1.314663368925387e+00     1.587857452905979e-01     2.550000000000000e+02
     1.329193838155999e+00     1.536256665118028e-01     2.560000000000000e+02
     1.343291519531792e+00     1.474953192736707e-01     2.570000000000000e+02
     1.356853357417588e+00     1.404147952893776e-01     2.580000000000000e+02
     1.369777957814146e+00     1.324127632372824e-01     2.589999999999999e+02
     1.381966570160554e+00     1.235265083837703e-01     2.600000000000000e+02
     1.393324054768222e+00     1.138019065147901e-01     2.610000000000000e+02
     1.403759854908772e+00     1.032933067667214e-01     2.620000000000001e+02
     1.413188988698592e+00     9.206329829198764e-02     2.630000000000000e+02
     1.421533066762290e+00     8.018233968740285e-02     2.640000000000000e+02
     1.428721328729981e+00     6.772823688078172e-02     2.650000000000000e+02
     1.434691677123936e+00     5.478546362123751e-02     2.660000000000000e+02
     1.439391673636685e+00     4.144432774545835e-02     2.670000000000000e+02
     1.442779452622517e+00     2.779999504592903e-02     2.679999999999999e+02
     1.444824501750352e+00     1.395139015697355e-02     2.690000000000000e+02
     1.445508261312194e+00     1.478066068079637e-16     2.700000000000000e+02
     1.444824501750352e+00    -1.395139015697325e-02     2.710000000000000e+02
     1.442779452622517e+00    -2.779999504592873e-02     2.720000000000000e+02
     1.439391673636685e+00    -4.144432774545806e-02     2.730000000000000e+02
     1.434691677123936e+00    -5.478546362123723e-02     2.740000000000000e+02
     1.428721328729982e+00    -6.772823688078144e-02     2.750000000000000e+02
     1.421533066762290e+00    -8.018233968740258e-02     2.759999999999999e+02
     1.413188988698592e+00    -9.206329829198796e-02     2.770000000000001e+02
     1.403759854908772e+00    -1.032933067667217e-01     2.780000000000000e+02
     1.393324054768222e+00    -1.138019065147899e-01     2.790000000000000e+02
     1.381966570160555e+00    -1.235265083837701e-01     2.800000000000000e+02
     1.369777957814147e+00    -1.324127632372817e-01     2.810000000000000e+02
     1.356853357417589e+00    -1.404147952893771e-01     2.820000000000000e+02
     1.343291519531792e+00    -1.474953192736705e-01     2.830000000000000e+02
     1.329193838155999e+00    -1.536256665118027e-01     2.840000000000000e+02
     1.314663368925387e+00    -1.587857452905981e-01     2.850000000000001e+02
     1.299803815912287e+00    -1.629639572082880e-01     2.860000000000000e+02
     1.284718477456193e+00    -1.661570834538043e-01     2.870000000000000e+02
     1.269509153018030e+00    -1.683701441610076e-01     2.880000000000000e+02
     1.254275026705613e+00    -1.696162215007872e-01     2.890000000000000e+02
     1.239111556464833e+00    -1.699162250048841e-01     2.900000000000000e+02
     1.224109408637084e+00    -1.692985679600956e-01     2.909999999999999e+02
     1.209353483742273e+00    -1.677987186736976e-01     2.920000000000000e+02
     1.194922079790609e+00    -1.654585916284971e-01     2.930000000000000e+02
     1.180886233905830e+00    -1.623257518603079e-01     2.940000000000000e+02
     1.167309272251817e+00    -1.584524211101467e-01     2.950000000000000e+02
     1.154246583700775e+00    -1.538942951114051e-01     2.960000000000000e+02
     1.141745616424017e+00    -1.487092054094467e-01     2.970000000000000e+02
     1.129846080890982e+00    -1.429556832350086e-01     2.980000000000000e+02
     1.118580329729166e+00    -1.366915036468904e-01     2.989999999999999e+02
     1.107973876129959e+00    -1.299723020382615e-01     3.000000000000001e+02
     1.098046008847557e+00    -1.228503594378301e-01     3.010000000000000e+02
     1.088810463347637e+00    -1.153736462316232e-01     3.020000000000000e+02
     1.080276114525814e+00    -1.075851958385372e-01     3.030000000000000e+02
     1.072447665200628e+00    -9.952285193467160e-02     3.040000000000000e+02
     1.065326314494657e+00    -9.121939796488761e-02     3.050000000000000e+02
     1.058910399413914e+00    -8.270303998755087e-02     3.060000000000000e+02
     1.053196009864629e+00    -7.399817808690681e-02     3.070000000000000e+02
     1.048177580991211e+00    -6.512637236609149e-02     3.080000000000001e+02
     1.043848466755243e+00    -5.610739093185629e-02     3.090000000000000e+02
     1.040201495494466e+00    -4.696022204841156e-02     3.100000000000000e+02
     1.037229502804436e+00    -3.770394180214266e-02     3.110000000000000e+02
     1.034925830872807e+00    -2.835835128820322e-02     3.120000000000000e+02
     1.033284777883488e+00    -1.894433075598301e-02     3.130000000000000e+02
     1.032301977636160e+00    -9.483898066627959e-03     3.139999999999999e+02
     1.031974689008129e+00    -1.160649927780859e-16     3.150000000000000e+02
     1.032301977636159e+00     9.483898066627245e-03     3.160000000000000e+02
     1.033284777883488e+00     1.894433075598278e-02     3.170000000000001e+02
     1.034925830872807e+00     2.835835128820299e-02     3.180000000000000e+02
     1.037229502804436e+00     3.770394180214243e-02     3.190000000000000e+02
     1.040201495494466e+00     4.696022204841134e-02     3.200000000000000e+02
     1.043848466755243e+00     5.610739093185609e-02     3.210000000000000e+02
     1.048177580991211e+00     6.512637236609128e-02     3.219999999999999e+02
     1.053196009864628e+00     7.399817808690660e-02     3.230000000000000e+02
     1.058910399413913e+00     8.270303998755066e-02     3.240000000000000e+02
     1.065326314494657e+00     9.121939796488740e-02     3.250000000000000e+02
     1.072447665200628e+00     9.952285193467099e-02     3.260000000000000e+02
     1.080276114525813e+00     1.075851958385370e-01     3.270000000000000e+02
     1.088810463347636e+00     1.153736462316226e-01     3.280000000000000e+02
     1.098046008847557e+00     1.228503594378299e-01     3.290000000000000e+02
     1.107973876129959e+00     1.299723020382613e-01     3.299999999999999e+02
     1.118580329729166e+00     1.366915036468902e-01     3.310000000000000e+02
     1.129846080890982e+00     1.429556832350085e-01     3.320000000000001e+02
     1.141745616424017e+00     1.487092054094465e-01     3.330000000000000e+02
     1.154246583700775e+00     1.538942951114053e-01     3.340000000000000e+02
     1.167309272251817e+00     1.584524211101466e-01     3.350000000000000e+02
     1.180886233905831e+00     1.623257518603080e-01     3.360000000000000e+02
     1.194922079790608e+00     1.654585916284969e-01     3.370000000000000e+02
     1.209353483742273e+00     1.677987186736975e-01     3.380000000000000e+02
     1.224109408637083e+00     1.692985679600955e-01     3.390000000000000e+02
     1.239111556464833e+00     1.699162250048841e-01     3.400000000000000e+02
     1.254275026705612e+00     1.696162215007873e-01     3.409999999999999e+02
     1.269509153018029e+00     1.683701441610077e-01     3.420000000000000e+02
     1.284718477456194e+00     1.661570834538042e-01     3.430000000000001e+02
     1.299803815912286e+00     1.629639572082881e-01     3.440000000000000e+02
     1.314663368925387e+00     1.587857452905980e-01     3.450000000000000e+02
     1.329193838155999e+00     1.536256665118028e-01     3.460000000000000e+02
     1.343291519531792e+00     1.474953192736708e-01     3.470000000000000e+02
     1.356853357417588e+00     1.404147952893776e-01     3.480000000000000e+02
     1.369777957814147e+00     1.324127632372820e-01     3.490000000000000e+02
     1.381966570160554e+00     1.235265083837708e-01     3.499999999999999e+02
     1.393324054768222e+00     1.138019065147901e-01     3.510000000000000e+02
     1.403759854908772e+00     1.032933067667220e-01     3.519999999999999e+02
     1.413188988698591e+00     9.206329829198825e-02     3.530000000000000e+02
     1.421533066762290e+00     8.018233968740289e-02     3.540000000000001e+02
     1.428721328729981e+00     6.772823688078176e-02     3.550000000000000e+02
     1.434691677123936e+00     5.478546362123687e-02     3.560000000000000e+02
     1.439391673636685e+00     4.144432774545840e-02     3.570000000000000e+02
     1.442779452622517e+00     2.779999504592838e-02     3.580000000000000e+02
     1.444824501750352e+00     1.395139015697430e-02     3.590000000000000e+02
